7 : 5    2
8 : 5
9 : 6    1
10 : 7   2
11 : 7
12 : 8   2
13 : 8
14 : 9   1
15 : 10  2
16 : 10
17 : 11  2
18 : 11
19 : 12  1
20 : 13  2
21 : 13
22 : 14  1
23 : 15  2
24 : 15
25 : 16  2
26 : 16
27 : 17  1
28 : 18  2
29 : 18
30 : 19  2
31 : 19
32 : 20  1
33 : 21  2
34 : 21
35 : 22  2
36 : 22
37 : 23  1
38 : 24  2
39 : 24
40 : 25  1
41 : 26  2
42 : 26
43 : 27  2
44 : 27
45 : 28  1
46 : 29
47 : 29
48 : 30
49 : 30
50 : 31
51 : 32
52 : 32
53 : 33
54 : 33
55 : 34
56 : 35
57 : 35
58 : 36
59 : 37
60 : 37
61 : 38
62 : 38
63 : 39
64 : 40
65 : 40
66 : 41
67 : 41
68 : 42
69 : 43
70 : 43
71 : 44
